data_NUS_schedule

##################################################
save_NEX_format_information

        _NEX.Sf_category                   NEX_information
        _NEX.Format_version                0.54
        _NEX.Format_date                   2017-02-21
	
save_
	
##################################################
save_FID_sampling

    _FID_sampling.Sf_category              FID_sampling                                    
    _FID_sampling.ID                       1                           

    _FID_sampling.Experiment_name                          'COSY'
    _FID_sampling.Layout_dimension_count                   2                                                            
    _FID_sampling.Layout_hypercomplex_component_type       full                                            
    _FID_sampling.Layout_transient_type                    uniform                                         
    _FID_sampling.Expt_quadrature_class                    na  			# What is this?                                            
    _FID_sampling.Expt_redfield_trick                      no                                             


    loop_            # Keep schedule base parameters and values in one loop.
        _FID_sampling_base.Spectral_dim       
        _FID_sampling_base.Parameter
        _FID_sampling_base.Parameter_value
        _FID_sampling_base.Param_tag

         2         time_series_type    linear          ‘_Schedule.Time_index_dim2’
         2         time_multiplier     0.000261         na   
         2         time_offset         0                na 
         2         time_units          sec              na 
         2         phase_series_type   linear          ‘_Schedule.Phase_index_dim2’
         2         phase_multiplier    90               na 
         2         phase_offset        0                na 
         2         phase_units         degree           na 

    stop_

   
    loop_       # This is the table that contains the NUS schedule
                                                                                             
        _Schedule.FID_ID                                                                                   
        _Schedule.Time_index_dim2     
        _Schedule.Phase_index_dim2 
        _Schedule.Transient_count
        _Schedule.FID_weight                       

        1	0	0	1	1.0
		2	2	1	1	1.0
		3	6	0	1	1.0
		4	7	1	1	1.0
		5	10	0	1	1.0
		6	11	1	1	1.0
		7	12	0	1	1.0
		8	15	1	1	1.0
		9	17	0	1	1.0
		10	18	1	1	1.0
		11	19	0	1	1.0
		12	21	1	1	1.0
		13	24	0	1	1.0
		14	26	1	1	1.0
		15	27	0	1	1.0
		16	28	1	1	1.0
		17	29	0	1	1.0
		18	30	1	1	1.0
		19	31	0	1	1.0
		20	34	1	1	1.0
		21	35	0	1	1.0
		22	36	1	1	1.0
		23	39	0	1	1.0
		24	40	1	1	1.0
		25	41	0	1	1.0
		26	42	1	1	1.0
		27	45	0	1	1.0
		28	47	1	1	1.0
		29	49	0	1	1.0
		30	51	1	1	1.0
		31	52	0	1	1.0
		32	53	1	1	1.0
		33	54	0	1	1.0
		34	56	1	1	1.0
		35	57	0	1	1.0
		36	59	1	1	1.0
		37	63	0	1	1.0
		38	70	1	1	1.0
		39	74	0	1	1.0
		40	75	1	1	1.0
		41	78	0	1	1.0
		42	79	1	1	1.0
		43	83	0	1	1.0
		44	84	1	1	1.0
		45	85	0	1	1.0
		46	86	1	1	1.0
		47	88	0	1	1.0
		48	89	1	1	1.0
		49	99	0	1	1.0
		50	101	1	1	1.0
		51	102	0	1	1.0
		52	105	1	1	1.0
		53	107	0	1	1.0
		54	109	1	1	1.0
		55	110	0	1	1.0
		56	111	1	1	1.0
		57	113	0	1	1.0
		58	116	1	1	1.0
		59	117	0	1	1.0
		60	119	1	1	1.0
		61	120	0	1	1.0
		62	125	1	1	1.0
		63	129	0	1	1.0
		64	133	1	1	1.0
		65	134	0	1	1.0
		66	135	1	1	1.0
		67	142	0	1	1.0
		68	146	1	1	1.0
		69	147	0	1	1.0
		70	148	1	1	1.0
		71	150	0	1	1.0
		72	151	1	1	1.0
		73	154	0	1	1.0
		74	156	1	1	1.0
		75	157	0	1	1.0
		76	158	1	1	1.0
		77	159	0	1	1.0
		78	162	1	1	1.0
		79	163	0	1	1.0
		80	165	1	1	1.0
		81	166	0	1	1.0
		82	167	1	1	1.0
		83	168	0	1	1.0
		84	170	1	1	1.0
		85	171	0	1	1.0
		86	173	1	1	1.0
		87	177	0	1	1.0
		88	180	1	1	1.0
		89	182	0	1	1.0
		90	183	1	1	1.0
		91	184	0	1	1.0
		92	187	1	1	1.0
		93	188	0	1	1.0
		94	190	1	1	1.0
		95	191	0	1	1.0
		96	195	1	1	1.0
		97	196	0	1	1.0
		98	200	1	1	1.0
		99	202	0	1	1.0
		100	206	1	1	1.0
		101	208	0	1	1.0
		102	209	1	1	1.0
		103	210	0	1	1.0
		104	214	1	1	1.0
		105	216	0	1	1.0
		106	218	1	1	1.0
		107	219	0	1	1.0
		108	220	1	1	1.0
		109	221	0	1	1.0
		110	223	1	1	1.0
		111	224	0	1	1.0
		112	228	1	1	1.0
		113	229	0	1	1.0
		114	233	1	1	1.0
		115	238	0	1	1.0
		116	244	1	1	1.0
		117	246	0	1	1.0
		118	247	1	1	1.0
		119	249	0	1	1.0
		120	250	1	1	1.0
		121	255	0	1	1.0
		122	263	1	1	1.0
		123	264	0	1	1.0
		124	265	1	1	1.0
		125	266	0	1	1.0
		126	267	1	1	1.0
		127	271	0	1	1.0
		128	273	1	1	1.0
		129	275	0	1	1.0
		130	276	1	1	1.0
		131	278	0	1	1.0
		132	280	1	1	1.0
		133	281	0	1	1.0
		134	285	1	1	1.0
		135	286	0	1	1.0
		136	292	1	1	1.0
		137	294	0	1	1.0
		138	295	1	1	1.0
		139	301	0	1	1.0
		140	302	1	1	1.0
		141	304	0	1	1.0
		142	305	1	1	1.0
		143	307	0	1	1.0
		144	311	1	1	1.0
		145	312	0	1	1.0
		146	315	1	1	1.0
		147	318	0	1	1.0
		148	321	1	1	1.0
		149	325	0	1	1.0
		150	328	1	1	1.0
		151	330	0	1	1.0
		152	331	1	1	1.0
		153	332	0	1	1.0
		154	333	1	1	1.0
		155	335	0	1	1.0
		156	336	1	1	1.0
		157	339	0	1	1.0
		158	340	1	1	1.0
		159	341	0	1	1.0
		160	347	1	1	1.0
		161	348	0	1	1.0
		162	349	1	1	1.0
		163	355	0	1	1.0
		164	357	1	1	1.0
		165	362	0	1	1.0
		166	363	1	1	1.0
		167	364	0	1	1.0
		168	365	1	1	1.0
		169	366	0	1	1.0
		170	367	1	1	1.0
		171	368	0	1	1.0
		172	370	1	1	1.0
		173	374	0	1	1.0
		174	375	1	1	1.0
		175	378	0	1	1.0
		176	381	1	1	1.0
		177	383	0	1	1.0
		178	386	1	1	1.0
		179	387	0	1	1.0
		180	388	1	1	1.0
		181	393	0	1	1.0
		182	394	1	1	1.0
		183	397	0	1	1.0
		184	398	1	1	1.0
		185	399	0	1	1.0
		186	400	1	1	1.0
		187	401	0	1	1.0
		188	403	1	1	1.0
		189	404	0	1	1.0
		190	405	1	1	1.0
		191	407	0	1	1.0
		192	409	1	1	1.0
		193	410	0	1	1.0
		194	411	1	1	1.0
		195	413	0	1	1.0
		196	414	1	1	1.0
		197	418	0	1	1.0
		198	420	1	1	1.0
		199	421	0	1	1.0
		200	422	1	1	1.0
		201	423	0	1	1.0
		202	425	1	1	1.0
		203	427	0	1	1.0
		204	428	1	1	1.0
		205	429	0	1	1.0
		206	430	1	1	1.0
		207	431	0	1	1.0
		208	432	1	1	1.0
		209	435	0	1	1.0
		210	437	1	1	1.0
		211	438	0	1	1.0
		212	439	1	1	1.0
		213	440	0	1	1.0
		214	441	1	1	1.0
		215	442	0	1	1.0
		216	443	1	1	1.0
		217	444	0	1	1.0
		218	445	1	1	1.0
		219	446	0	1	1.0
		220	447	1	1	1.0
		221	449	0	1	1.0
		222	450	1	1	1.0
		223	452	0	1	1.0
		224	455	1	1	1.0
		225	456	0	1	1.0
		226	457	1	1	1.0
		227	458	0	1	1.0
		228	460	1	1	1.0
		229	463	0	1	1.0
		230	467	1	1	1.0
		231	468	0	1	1.0
		232	473	1	1	1.0
		233	476	0	1	1.0
		234	477	1	1	1.0
		235	478	0	1	1.0
		236	481	1	1	1.0
		237	483	0	1	1.0
		238	484	1	1	1.0
		239	485	0	1	1.0
		240	486	1	1	1.0
		241	487	0	1	1.0
		242	488	1	1	1.0
		243	489	0	1	1.0
		244	490	1	1	1.0
		245	491	0	1	1.0
		246	493	1	1	1.0
		247	494	0	1	1.0
		248	495	1	1	1.0
		249	498	0	1	1.0
		250	499	1	1	1.0
		251	502	0	1	1.0
		252	503	1	1	1.0
		253	505	0	1	1.0
		254	506	1	1	1.0
		255	508	0	1	1.0
		256	510	1	1	1.0
  
    stop_                                                                                               

save_
